100
  0   4
  0   5
  0  12
  0  13
  0  17
  0  19
  1  17
  2   5
  2  12
  2  19
  3   0
  3   2
  3   6
  3   7
  3   9
  3   9
  3  16
  3  18
  4   1
  4   8
  4   8
  4   9
  4  10
  4  18
  5   2
  5   4
  5   6
  5   8
  5   9
  5  14
  5  17
  6   2
  6   9
  6  14
  6  14
  7   1
  7   3
  7   5
  7   9
  7   9
  7  12
  8   3
  8  12
  8  13
  9   0
  9   1
  9  17
 10   4
 10  11
 10  12
 10  13
 10  19
 11   1
 11   5
 11   8
 11  14
 11  18
 11  19
 12   2
 12   4
 12   6
 12   7
 12  18
 12  19
 13   8
 13  10
 13  10
 13  16
 13  17
 13  18
 14   2
 14   3
 14   8
 15   5
 15   6
 15   8
 15  12
 15  13
 15  14
 15  18
 15  18
 15  19
 16   5
 16  10
 16  10
 16  12
 16  15
 16  17
 17   1
 17   6
 17  14
 17  15
 17  18
 18   1
 18   4
 18  14
 18  17
 19   1
 19   9
 19  18
